Predicted        Mira  OSARG   RRab   RRc    SRV  clasCep  contactBinary  detachedBinary  dsct  t2Cep     All
Actual                                                                                                       
Mira             6746     33     86    35    722      119            925              59    12    494    9231
OSARG               2   7027      0    13    924        2             26               2     0      4    8000
RRab               87     18   6280   689     64      240           4644              70     7    657   12756
RRc                31      1    122  2837     15       38           1032              48     3     95    4222
SRV              3050   1106     44    53  12495      863           5355             157     3   4874   28000
clasCep            70     13     60    82     73     5899            468              39     0    214    6918
contactBinary     318    385   3394  1364   1304      168          17236            6646     5    402   31222
detachedBinary    188     88    135   164    558      426           8398            9961     3    918   20839
dsct               16     12      9    18     12       25            258              10  2746     39    3145
t2Cep              50      4     98    77     34      106            151              10     1    897    1428
All             10558   8687  10228  5332  16201     7886          38493           17002  2780   8594  125761
Predicted           Mira     OSARG      RRab       RRc       SRV   clasCep  contactBinary  detachedBinary      dsct     t2Cep
Actual                                                                                                                       
Mira            0.730798  0.004125  0.006742  0.008290  0.025786  0.017202       0.029627        0.002831  0.003816  0.345938
OSARG           0.000217  0.878375  0.000000  0.003079  0.033000  0.000289       0.000833        0.000096  0.000000  0.002801
RRab            0.009425  0.002250  0.492317  0.163193  0.002286  0.034692       0.148741        0.003359  0.002226  0.460084
RRc             0.003358  0.000125  0.009564  0.671956  0.000536  0.005493       0.033054        0.002303  0.000954  0.066527
SRV             0.330408  0.138250  0.003449  0.012553  0.446250  0.124747       0.171514        0.007534  0.000954  3.413165
clasCep         0.007583  0.001625  0.004704  0.019422  0.002607  0.852703       0.014989        0.001871  0.000000  0.149860
contactBinary   0.034449  0.048125  0.266071  0.323070  0.046571  0.024284       0.552047        0.318921  0.001590  0.281513
detachedBinary  0.020366  0.011000  0.010583  0.038844  0.019929  0.061578       0.268977        0.477998  0.000954  0.642857
dsct            0.001733  0.001500  0.000706  0.004263  0.000429  0.003614       0.008263        0.000480  0.873132  0.027311
t2Cep           0.005417  0.000500  0.007683  0.018238  0.001214  0.015322       0.004836        0.000480  0.000318  0.628151
Predicted               Mira  OSARG   RRab   RRc    SRV  clasCep  contactBinary  detachedBinary  dsct  t2Cep     All
Survey Actual                                                                                                       
ASASSN Mira              726     30      0     9    564      111            915              48     0    300    2703
       RRab               69     12     18    48     63      219           4500              36     0    561    5526
       RRc                27      0      0     9     15       24            990              36     0     78    1179
       SRV              2772    748     42    40   5209      856           5326             149     1   4857   20000
       clasCep            21      0      0     0      9       69             81               3     0     18     201
       contactBinary      24     12     12    24     78       66           2721              57     0    228    3222
       detachedBinary    111     69     36    96    420      405           7152             270     0    879    9438
       dsct                6     12      0    12     12       15            252               9     0     39     357
       t2Cep               6      2      1     0     17        9             78               2     0    109     224
OGLE   Mira             6020      3     86    26    158        8             10              11    12    194    6528
       OSARG               2   7027      0    13    924        2             26               2     0      4    8000
       RRab               18      6   6262   641      1       21            144              34     7     96    7230
       RRc                 4      1    122  2828      0       14             42              12     3     17    3043
       SRV               278    358      2    13   7286        7             29               8     2     17    8000
       clasCep             7      4     29    45      5     5733            155              15     0    156    6149
       contactBinary       4      5     71   208     10       18           6630            1009     5     40    8000
       detachedBinary     34      4     43    33     17       20            866            6962     3     18    8000
       dsct               10      0      9     6      0       10              6               1  2746      0    2788
       t2Cep              44      2     97    77     17       97             73               8     1    788    1204
VVV    clasCep            42      9     31    37     59       97            232              21     0     40     568
       contactBinary     290    368   3311  1132   1216       84           7885            5580     0    134   20000
       detachedBinary     43     15     56    35    121        1            380            2729     0     21    3401
All                    10558   8687  10228  5332  16201     7886          38493           17002  2780   8594  125761
******************************
Predicted       Mira  OSARG  RRab   RRc    SRV  clasCep  contactBinary  detachedBinary  dsct  t2Cep     All
Actual                                                                                                     
Mira            6537     38    72    43    449      174           1364              32    14    508    9231
OSARG              2   7284     1     6    645       14             31               8     2      7    8000
RRab              84      6  6284   605     50      365           4568              60     7    727   12756
RRc               30      4   131  2791     17       72           1031              41     2    103    4222
SRV             2111   1231    51    38   9431     1102           7964             126     6   5940   28000
clasCep           61     16    51    87     62     5950            511              29     2    149    6918
contactBinary    352    298  2845  1520   1021      285          17639            6914     3    345   31222
detachedBinary   113     46    67   194    336      813           8299           10139     4    828   20839
dsct               9      1     6     8      6       14            295              10  2756     40    3145
t2Cep             67     11    86    98     20       92            141               9     1    903    1428
All             9366   8935  9594  5390  12037     8881          41843           17368  2797   9550  125761
Predicted           Mira     OSARG      RRab       RRc       SRV   clasCep  contactBinary  detachedBinary      dsct     t2Cep
Actual                                                                                                                       
Mira            0.708157  0.004750  0.005644  0.010185  0.016036  0.025152       0.043687        0.001536  0.004452  0.355742
OSARG           0.000217  0.910500  0.000078  0.001421  0.023036  0.002024       0.000993        0.000384  0.000636  0.004902
RRab            0.009100  0.000750  0.492631  0.143297  0.001786  0.052761       0.146307        0.002879  0.002226  0.509104
RRc             0.003250  0.000500  0.010270  0.661061  0.000607  0.010408       0.033022        0.001967  0.000636  0.072129
SRV             0.228686  0.153875  0.003998  0.009000  0.336821  0.159295       0.255077        0.006046  0.001908  4.159664
clasCep         0.006608  0.002000  0.003998  0.020606  0.002214  0.860075       0.016367        0.001392  0.000636  0.104342
contactBinary   0.038132  0.037250  0.223032  0.360019  0.036464  0.041197       0.564954        0.331782  0.000954  0.241597
detachedBinary  0.012241  0.005750  0.005252  0.045950  0.012000  0.117520       0.265806        0.486540  0.001272  0.579832
dsct            0.000975  0.000125  0.000470  0.001895  0.000214  0.002024       0.009448        0.000480  0.876312  0.028011
t2Cep           0.007258  0.001375  0.006742  0.023212  0.000714  0.013299       0.004516        0.000432  0.000318  0.632353
Predicted              Mira  OSARG  RRab   RRc    SRV  clasCep  contactBinary  detachedBinary  dsct  t2Cep     All
Survey Actual                                                                                                     
ASASSN Mira             531     30     0    12    252      168           1353              21     3    333    2703
       RRab              45      3     0    24     45      333           4449              21     0    606    5526
       RRc               18      3     0    12     15       57            984              27     0     63    1179
       SRV             1933    667    50    17   2272     1092           7920             115     4   5930   20000
       clasCep           27      0     0     0      0       78             87               0     0      9     201
       contactBinary     24      9     3     9     39      171           2748              24     0    195    3222
       detachedBinary    51     30     9   132    219      801           7272             126     0    798    9438
       dsct               3      0     0     3      6        9            288               9     0     39     357
       t2Cep              5      2     0     0      6        6             88               0     0    117     224
OGLE   Mira            6006      8    72    31    197        6             11              11    11    175    6528
       OSARG              2   7284     1     6    645       14             31               8     2      7    8000
       RRab              39      3  6284   581      5       32            119              39     7    121    7230
       RRc               12      1   131  2779      2       15             47              14     2     40    3043
       SRV              178    564     1    21   7159       10             44              11     2     10    8000
       clasCep            5      7    35    55     12     5750            158              11     2    114    6149
       contactBinary      7      5    53   257     26       24           6371            1204     2     51    8000
       detachedBinary    23      2    22    35     31       11            642            7204     4     26    8000
       dsct               6      1     6     5      0        5              7               1  2756      1    2788
       t2Cep             62      9    86    98     14       86             53               9     1    786    1204
VVV    clasCep           29      9    16    32     50      122            266              18     0     26     568
       contactBinary    321    284  2789  1254    956       90           8520            5686     1     99   20000
       detachedBinary    39     14    36    27     86        1            385            2809     0      4    3401
All                    9366   8935  9594  5390  12037     8881          41843           17368  2797   9550  125761
******************************
Predicted        Mira  OSARG   RRab   RRc    SRV  clasCep  contactBinary  detachedBinary  dsct  t2Cep     All
Actual                                                                                                       
Mira             6746     33     86    35    722      119            925              59    12    494    9231
OSARG               2   7027      0    13    924        2             26               2     0      4    8000
RRab               87     18   6280   689     64      240           4644              70     7    657   12756
RRc                31      1    122  2837     15       38           1032              48     3     95    4222
SRV              3050   1106     44    53  12495      863           5355             157     3   4874   28000
clasCep            70     13     60    82     73     5899            468              39     0    214    6918
contactBinary     318    385   3394  1364   1304      168          17236            6646     5    402   31222
detachedBinary    188     88    135   164    558      426           8398            9961     3    918   20839
dsct               16     12      9    18     12       25            258              10  2746     39    3145
t2Cep              50      4     98    77     34      106            151              10     1    897    1428
All             10558   8687  10228  5332  16201     7886          38493           17002  2780   8594  125761
Predicted           Mira     OSARG      RRab       RRc       SRV   clasCep  contactBinary  detachedBinary      dsct     t2Cep
Actual                                                                                                                       
Mira            0.730798  0.004125  0.006742  0.008290  0.025786  0.017202       0.029627        0.002831  0.003816  0.345938
OSARG           0.000217  0.878375  0.000000  0.003079  0.033000  0.000289       0.000833        0.000096  0.000000  0.002801
RRab            0.009425  0.002250  0.492317  0.163193  0.002286  0.034692       0.148741        0.003359  0.002226  0.460084
RRc             0.003358  0.000125  0.009564  0.671956  0.000536  0.005493       0.033054        0.002303  0.000954  0.066527
SRV             0.330408  0.138250  0.003449  0.012553  0.446250  0.124747       0.171514        0.007534  0.000954  3.413165
clasCep         0.007583  0.001625  0.004704  0.019422  0.002607  0.852703       0.014989        0.001871  0.000000  0.149860
contactBinary   0.034449  0.048125  0.266071  0.323070  0.046571  0.024284       0.552047        0.318921  0.001590  0.281513
detachedBinary  0.020366  0.011000  0.010583  0.038844  0.019929  0.061578       0.268977        0.477998  0.000954  0.642857
dsct            0.001733  0.001500  0.000706  0.004263  0.000429  0.003614       0.008263        0.000480  0.873132  0.027311
t2Cep           0.005417  0.000500  0.007683  0.018238  0.001214  0.015322       0.004836        0.000480  0.000318  0.628151
Predicted               Mira  OSARG   RRab   RRc    SRV  clasCep  contactBinary  detachedBinary  dsct  t2Cep     All
Survey Actual                                                                                                       
ASASSN Mira              726     30      0     9    564      111            915              48     0    300    2703
       RRab               69     12     18    48     63      219           4500              36     0    561    5526
       RRc                27      0      0     9     15       24            990              36     0     78    1179
       SRV              2772    748     42    40   5209      856           5326             149     1   4857   20000
       clasCep            21      0      0     0      9       69             81               3     0     18     201
       contactBinary      24     12     12    24     78       66           2721              57     0    228    3222
       detachedBinary    111     69     36    96    420      405           7152             270     0    879    9438
       dsct                6     12      0    12     12       15            252               9     0     39     357
       t2Cep               6      2      1     0     17        9             78               2     0    109     224
OGLE   Mira             6020      3     86    26    158        8             10              11    12    194    6528
       OSARG               2   7027      0    13    924        2             26               2     0      4    8000
       RRab               18      6   6262   641      1       21            144              34     7     96    7230
       RRc                 4      1    122  2828      0       14             42              12     3     17    3043
       SRV               278    358      2    13   7286        7             29               8     2     17    8000
       clasCep             7      4     29    45      5     5733            155              15     0    156    6149
       contactBinary       4      5     71   208     10       18           6630            1009     5     40    8000
       detachedBinary     34      4     43    33     17       20            866            6962     3     18    8000
       dsct               10      0      9     6      0       10              6               1  2746      0    2788
       t2Cep              44      2     97    77     17       97             73               8     1    788    1204
VVV    clasCep            42      9     31    37     59       97            232              21     0     40     568
       contactBinary     290    368   3311  1132   1216       84           7885            5580     0    134   20000
       detachedBinary     43     15     56    35    121        1            380            2729     0     21    3401
All                    10558   8687  10228  5332  16201     7886          38493           17002  2780   8594  125761
******************************
Predicted       Mira  OSARG  RRab   RRc    SRV  clasCep  contactBinary  detachedBinary  dsct  t2Cep     All
Actual                                                                                                     
Mira            6537     38    72    43    449      174           1364              32    14    508    9231
OSARG              2   7284     1     6    645       14             31               8     2      7    8000
RRab              84      6  6284   605     50      365           4568              60     7    727   12756
RRc               30      4   131  2791     17       72           1031              41     2    103    4222
SRV             2111   1231    51    38   9431     1102           7964             126     6   5940   28000
clasCep           61     16    51    87     62     5950            511              29     2    149    6918
contactBinary    352    298  2845  1520   1021      285          17639            6914     3    345   31222
detachedBinary   113     46    67   194    336      813           8299           10139     4    828   20839
dsct               9      1     6     8      6       14            295              10  2756     40    3145
t2Cep             67     11    86    98     20       92            141               9     1    903    1428
All             9366   8935  9594  5390  12037     8881          41843           17368  2797   9550  125761
Predicted           Mira     OSARG      RRab       RRc       SRV   clasCep  contactBinary  detachedBinary      dsct     t2Cep
Actual                                                                                                                       
Mira            0.708157  0.004750  0.005644  0.010185  0.016036  0.025152       0.043687        0.001536  0.004452  0.355742
OSARG           0.000217  0.910500  0.000078  0.001421  0.023036  0.002024       0.000993        0.000384  0.000636  0.004902
RRab            0.009100  0.000750  0.492631  0.143297  0.001786  0.052761       0.146307        0.002879  0.002226  0.509104
RRc             0.003250  0.000500  0.010270  0.661061  0.000607  0.010408       0.033022        0.001967  0.000636  0.072129
SRV             0.228686  0.153875  0.003998  0.009000  0.336821  0.159295       0.255077        0.006046  0.001908  4.159664
clasCep         0.006608  0.002000  0.003998  0.020606  0.002214  0.860075       0.016367        0.001392  0.000636  0.104342
contactBinary   0.038132  0.037250  0.223032  0.360019  0.036464  0.041197       0.564954        0.331782  0.000954  0.241597
detachedBinary  0.012241  0.005750  0.005252  0.045950  0.012000  0.117520       0.265806        0.486540  0.001272  0.579832
dsct            0.000975  0.000125  0.000470  0.001895  0.000214  0.002024       0.009448        0.000480  0.876312  0.028011
t2Cep           0.007258  0.001375  0.006742  0.023212  0.000714  0.013299       0.004516        0.000432  0.000318  0.632353
Predicted              Mira  OSARG  RRab   RRc    SRV  clasCep  contactBinary  detachedBinary  dsct  t2Cep     All
Survey Actual                                                                                                     
ASASSN Mira             531     30     0    12    252      168           1353              21     3    333    2703
       RRab              45      3     0    24     45      333           4449              21     0    606    5526
       RRc               18      3     0    12     15       57            984              27     0     63    1179
       SRV             1933    667    50    17   2272     1092           7920             115     4   5930   20000
       clasCep           27      0     0     0      0       78             87               0     0      9     201
       contactBinary     24      9     3     9     39      171           2748              24     0    195    3222
       detachedBinary    51     30     9   132    219      801           7272             126     0    798    9438
       dsct               3      0     0     3      6        9            288               9     0     39     357
       t2Cep              5      2     0     0      6        6             88               0     0    117     224
OGLE   Mira            6006      8    72    31    197        6             11              11    11    175    6528
       OSARG              2   7284     1     6    645       14             31               8     2      7    8000
       RRab              39      3  6284   581      5       32            119              39     7    121    7230
       RRc               12      1   131  2779      2       15             47              14     2     40    3043
       SRV              178    564     1    21   7159       10             44              11     2     10    8000
       clasCep            5      7    35    55     12     5750            158              11     2    114    6149
       contactBinary      7      5    53   257     26       24           6371            1204     2     51    8000
       detachedBinary    23      2    22    35     31       11            642            7204     4     26    8000
       dsct               6      1     6     5      0        5              7               1  2756      1    2788
       t2Cep             62      9    86    98     14       86             53               9     1    786    1204
VVV    clasCep           29      9    16    32     50      122            266              18     0     26     568
       contactBinary    321    284  2789  1254    956       90           8520            5686     1     99   20000
       detachedBinary    39     14    36    27     86        1            385            2809     0      4    3401
All                    9366   8935  9594  5390  12037     8881          41843           17368  2797   9550  125761
******************************
Predicted       Mira  OSARG  RRab   RRc   SRV  clasCep  contactBinary  detachedBinary  dsct  t2Cep     All
Actual                                                                                                    
Mira            6807     27     4    14   298       46           1899              52     0     84    9231
OSARG              0   7647     0     3   339        1              8               0     0      2    8000
RRab              15      2  6953   177    25      161           4707              29     2    685   12756
RRc                9      1    93  2925     0       24           1076              14     0     80    4222
SRV             1123    350    19    19  8453      238          14748             104     2   2944   28000
clasCep           33     10    37    46    40     6375            257              33     5     82    6918
contactBinary    117    119  2767  1203   311       67          19933            6516     1    188   31222
detachedBinary    51      1    48    30    42      242           8947           10766     4    708   20839
dsct               3      0     4     0     0        4            321               0  2783     30    3145
t2Cep             16      5    41    12     5       39            132               2     1   1175    1428
All             8174   8162  9966  4429  9513     7197          52028           17516  2798   5978  125761
Predicted           Mira     OSARG      RRab       RRc       SRV   clasCep  contactBinary  detachedBinary      dsct     t2Cep
Actual                                                                                                                       
Mira            0.737407  0.003375  0.000314  0.003316  0.010643  0.006649       0.060822        0.002495  0.000000  0.058824
OSARG           0.000000  0.955875  0.000000  0.000711  0.012107  0.000145       0.000256        0.000000  0.000000  0.001401
RRab            0.001625  0.000250  0.545077  0.041923  0.000893  0.023273       0.150759        0.001392  0.000636  0.479692
RRc             0.000975  0.000125  0.007291  0.692800  0.000000  0.003469       0.034463        0.000672  0.000000  0.056022
SRV             0.121655  0.043750  0.001489  0.004500  0.301893  0.034403       0.472359        0.004991  0.000636  2.061625
clasCep         0.003575  0.001250  0.002901  0.010895  0.001429  0.921509       0.008231        0.001584  0.001590  0.057423
contactBinary   0.012675  0.014875  0.216918  0.284936  0.011107  0.009685       0.638428        0.312683  0.000318  0.131653
detachedBinary  0.005525  0.000125  0.003763  0.007106  0.001500  0.034981       0.286561        0.516627  0.001272  0.495798
dsct            0.000325  0.000000  0.000314  0.000000  0.000000  0.000578       0.010281        0.000000  0.884897  0.021008
t2Cep           0.001733  0.000625  0.003214  0.002842  0.000179  0.005637       0.004228        0.000096  0.000318  0.822829
Predicted              Mira  OSARG  RRab   RRc   SRV  clasCep  contactBinary  detachedBinary  dsct  t2Cep     All
Survey Actual                                                                                                    
ASASSN Mira             315     27     3    12   270       45           1899              51     0     81    2703
       RRab              15      0     0     0    21      144           4671              18     0    657    5526
       RRc                9      0     0     3     0       18           1065               6     0     78    1179
       SRV             1095     90    19    13   762      235          14740             103     0   2943   20000
       clasCep           18      0     0     0     0      120             57               0     0      6     201
       contactBinary      6      0     0     0    18       27           3015               3     0    153    3222
       detachedBinary    36      0     3     6    15      237           8430              12     0    699    9438
       dsct               3      0     0     0     0        3            321               0     0     30     357
       t2Cep              3      0     0     0     0        3            103               0     0    115     224
OGLE   Mira            6492      0     1     2    28        1              0               1     0      3    6528
       OSARG              0   7647     0     3   339        1              8               0     0      2    8000
       RRab               0      2  6953   177     4       17             36              11     2     28    7230
       RRc                0      1    93  2922     0        6             11               8     0      2    3043
       SRV               28    260     0     6  7691        3              8               1     2      1    8000
       clasCep            2      4    10    10    10     5990             49               8     5     61    6149
       contactBinary      2      6    25    19     4       11           7410             512     1     10    8000
       detachedBinary     0      0    11     4     1        4            219            7751     4      6    8000
       dsct               0      0     4     0     0        1              0               0  2783      0    2788
       t2Cep             13      5    41    12     5       36             29               2     1   1060    1204
VVV    clasCep           13      6    27    36    30      265            151              25     0     15     568
       contactBinary    109    113  2742  1184   289       29           9508            6001     0     25   20000
       detachedBinary    15      1    34    20    26        1            298            3003     0      3    3401
All                    8174   8162  9966  4429  9513     7197          52028           17516  2798   5978  125761
******************************
Predicted       Mira  OSARG   RRab   RRc   SRV  clasCep  contactBinary  detachedBinary  dsct  t2Cep     All
Actual                                                                                                     
Mira            6910     12      5     0   190       51           1846              18     0    199    9231
OSARG              0   7611      0     6   358        5             16               3     0      1    8000
RRab              27      3   7042   113    16      129           4745              15     4    662   12756
RRc                6      0    115  2895     3       15           1070              10     0    108    4222
SRV             1331    274     26    21  8331      228          13739              55     0   3995   28000
clasCep           37      8     53    39    49     6371            257              34     5     65    6918
contactBinary    124    140   2794   871   285       56          20492            6263     3    194   31222
detachedBinary    49      5     88    35    35      153           8995           10760     0    719   20839
dsct               0      2      9     0     3        3            324               3  2771     30    3145
t2Cep             11      6     57     7     3       32            130               4     1   1177    1428
All             8495   8061  10189  3987  9273     7043          51614           17165  2784   7150  125761
Predicted           Mira     OSARG      RRab       RRc       SRV   clasCep  contactBinary  detachedBinary      dsct     t2Cep
Actual                                                                                                                       
Mira            0.748565  0.001500  0.000392  0.000000  0.006786  0.007372       0.059125        0.000864  0.000000  0.139356
OSARG           0.000000  0.951375  0.000000  0.001421  0.012786  0.000723       0.000512        0.000144  0.000000  0.000700
RRab            0.002925  0.000375  0.552054  0.026765  0.000571  0.018647       0.151976        0.000720  0.001272  0.463585
RRc             0.000650  0.000000  0.009015  0.685694  0.000107  0.002168       0.034271        0.000480  0.000000  0.075630
SRV             0.144188  0.034250  0.002038  0.004974  0.297536  0.032958       0.440042        0.002639  0.000000  2.797619
clasCep         0.004008  0.001000  0.004155  0.009237  0.001750  0.920931       0.008231        0.001632  0.001590  0.045518
contactBinary   0.013433  0.017500  0.219034  0.206300  0.010179  0.008095       0.656332        0.300542  0.000954  0.135854
detachedBinary  0.005308  0.000625  0.006899  0.008290  0.001250  0.022116       0.288098        0.516340  0.000000  0.503501
dsct            0.000000  0.000250  0.000706  0.000000  0.000107  0.000434       0.010377        0.000144  0.881081  0.021008
t2Cep           0.001192  0.000750  0.004468  0.001658  0.000107  0.004626       0.004164        0.000192  0.000318  0.824230
Predicted              Mira  OSARG   RRab   RRc   SRV  clasCep  contactBinary  detachedBinary  dsct  t2Cep     All
Survey Actual                                                                                                     
ASASSN Mira             402     12      0     0   180       51           1845              18     0    195    2703
       RRab              27      0      9     9    12      114           4704               3     0    648    5526
       RRc                6      0      0     0     3        9           1053               3     0    105    1179
       SRV             1303     65     24    17   587      225          13733              54     0   3992   20000
       clasCep           12      0      0     0     3      108             69               0     0      9     201
       contactBinary     12      0      0     0     6        9           3030               0     0    165    3222
       detachedBinary    39      0      6     9     9      144           8502              18     0    711    9438
       dsct               0      0      3     0     3        3            318               0     0     30     357
       t2Cep              3      0      0     0     0        1             91               0     0    129     224
OGLE   Mira            6508      0      5     0    10        0              1               0     0      4    6528
       OSARG              0   7611      0     6   358        5             16               3     0      1    8000
       RRab               0      3   7033   104     4       15             41              12     4     14    7230
       RRc                0      0    115  2895     0        6             17               7     0      3    3043
       SRV               28    209      2     4  7744        3              6               1     0      3    8000
       clasCep            2      1     18    14     6     6000             56               5     5     42    6149
       contactBinary      0      8     21     9     2        8           7358             586     3      5    8000
       detachedBinary     0      1     13     6     1        5            178            7789     0      7    8000
       dsct               0      2      6     0     0        0              6               3  2771      0    2788
       t2Cep              8      6     57     7     3       31             39               4     1   1048    1204
VVV    clasCep           23      7     35    25    40      263            132              29     0     14     568
       contactBinary    112    132   2773   862   277       39          10104            5677     0     24   20000
       detachedBinary    10      4     69    20    25        4            315            2953     0      1    3401
All                    8495   8061  10189  3987  9273     7043          51614           17165  2784   7150  125761
******************************
